이름 코스 1 2 3 4 5 6 7 8 9 전반 1 2 3 4 5 6 7 8 9 후반 합계
최관호 록키/올림프스 0 0 0 0 1 0 1 2 1 41 1 0 1 0 0 0 1 0 0 39 80
진양교 록키/올림프스 1 0 0 1 0 0 0 1 1 40 1 0 2 1 2 0 0 1 0 43 83
박세환 록키/올림프스 0 0 0 0 0 0 0 -1 0 35 1 -1 1 1 1 1 0 0 0 40 75
유대균 록키/올림프스 4 0 -1 0 0 1 1 1 2 44 0 0 0 1 1 0 0 0 0 38 82
김현정 올림프스/록키 1 2 2 3 2 1 2 1 1 51 3 3 3 3 3 1 0 2 2 56 107
김연중 올림프스/록키 3 2 2 1 3 1 1 0 2 51 1 1 2 3 2 1 0 3 2 51 102
박지혁 올림프스/록키 3 1 0 2 3 1 1 1 2 50 0 1 2 1 1 1 2 2 1 47 97
김진만 올림프스/록키 1 2 0 3 0 1 1 2 2 48 2 1 1 0 1 0 0 1 1 43 91
권오성 몽블랑/알프스 0 0 0 0 2 1 -1 0 1 39 1 0 1 1 1 1 1 1 0 43 82
오호진 몽블랑/알프스 0 1 0 0 0 1 0 1 2 41 0 1 1 0 1 1 0 0 0 40 81
김재원 몽블랑/알프스 1 2 2 2 2 1 2 2 2 52 2 2 1 0 2 1 1 1 0 46 98
최치영 몽블랑/알프스 1 0 1 1 0 0 1 1 1 42 1 1 0 1 1 1 0 1 0 42 84
박기홍 알프스/몽블랑 2 0 0 1 1 3 0 0 2 45 0 0 1 0 3 0 0 2 3 45 90
이동호 알프스/몽블랑 3 2 0 0 0 0 1 1 1 44 0 1 -1 2 1 1 2 0 1 43 87
김형찬 알프스/몽블랑 0 2 1 0 1 1 3 0 0 44 4 1 2 1 0 0 1 2 3 50 94
정동균 알프스/몽블랑 2 3 2 1 4 2 0 2 1 53 1 1 0 1 2 2 2 0 3 48 101
이상우 알프스/몽블랑 0 1 1 0 2 3 1 3 2 49 2 2 1 2 2 1 2 3 1 52 101
장세걸 알프스/몽블랑 0 1 1 0 1 1 0 2 3 45 2 1 0 2 2 2 0 0 0 45 90
정연삼 알프스/몽블랑 0 1 1 1 1 2 1 1 2 46 1 2 2 2 1 2 0 2 0 48 94
이인영 알프스/몽블랑 0 1 1 0 2 2 2 1 1 46 1 1 0 1 1 2 1 2 0 45 91
정윤성 올림프스/록키 0 0 1 1 1 2 1 0 0 42 2 1 0 1 2 1 1 0 0 44 86
김종국 올림프스/록키 0 0 2 1 1 1 1 2 1 45 2 0 1 2 2 1 1 2 0 47 92
채웅석 올림프스/록키 0 0 2 2 1 2 1 1 2 47 1 2 1 0 1 0 1 2 0 44 91
조영승 올림프스/록키 0 0 -1 2 1 1 2 1 1 43 0 2 0 1 1 1 1 1 0 43 86
이채명 록키/올림프스 1 1 0 3 2 2 3 3 1 52 3 3 1 3 2 1 1 2 0 52 104
박미신 록키/올림프스 0 2 1 2 1 1 1 2 1 47 2 1 1 2 2 0 1 1 0 46 93
조민정 록키/올림프스 1 1 3 1 1 1 3 3 1 51 2 1 0 2 2 1 1 1 0 46 97
안정화 록키/올림프스 0 1 2 0 2 2 0 0 2 45 1 2 0 1 1 1 1 0 0 43 88
김종만 몽블랑/알프스 2 1 0 1 2 1 1 1 1 46 1 1 1 1 2 1 1 1 0 45 91
이성일 몽블랑/알프스 2 2 1 2 2 2 1 1 1 50 2 1 2 1 2 2 1 2 0 49 99
원유동 몽블랑/알프스 2 0 1 2 2 0 2 3 1 49 1 1 1 1 2 1 1 2 0 46 95
안희태 몽블랑/알프스 1 1 1 1 1 1 1 3 2 48 1 1 1 0 1 2 0 1 1 44 92